<!DOCTYPE html>
<html><head data-gwd-animation-mode="proMode"><meta name="GCD" content="YTk3ODQ3ZWZhN2I4NzZmMzBkNTEwYjJld9be653cf3da8fef2478f255c87df1d3"/>
    <title>nope</title>
    <meta http-equiv="Content-Type" content="text/html; charset=utf-8">
    <meta name="generator" content="Google Web Designer 1.0.0.924">
    <style type="text/css">html,body{width:100%;height:100%;margin:0px;}
body{background-color:transparent;-webkit-transform:perspective(1400px) matrix3d(1, 0, 0, 0, 0, 1, 0, 0, 0, 0, 1, 0, 0, 0, 0, 1);-moz-transform:perspective(1400px) matrix3d(1, 0, 0, 0, 0, 1, 0, 0, 0, 0, 1, 0, 0, 0, 0, 1);transform:perspective(1400px) matrix3d(1, 0, 0, 0, 0, 1, 0, 0, 0, 0, 1, 0, 0, 0, 0, 1);-webkit-transform-style:preserve-3d;-moz-transform-style:preserve-3d;transform-style:preserve-3d;}
.gwd-img-sv69{position:absolute;-webkit-transform-origin:241.0756379902px 268.5985884536px 0px;-moz-transform-origin:241.0756379902px 268.5985884536px 0px;transform-origin:241.0756379902px 268.5985884536px 0px;top:90px;left:386px;width:451px;height:518px;-webkit-transform:matrix3d(0.9999041547, -0.0116648442, 0.0074574172, 0, 0.0098544352, 0.9779826399, 0.208453464, 0, -0.0097248019, -0.2083599958, 0.9780038549, 0, -376.0934100564, -87.2389217279, -0.2554459394, 1);-moz-transform:matrix3d(0.9999041547, -0.0116648442, 0.0074574172, 0, 0.0098544352, 0.9779826399, 0.208453464, 0, -0.0097248019, -0.2083599958, 0.9780038549, 0, -376.0934100564, -87.2389217279, -0.2554459394, 1);transform:matrix3d(0.9999041547, -0.0116648442, 0.0074574172, 0, 0.0098544352, 0.9779826399, 0.208453464, 0, -0.0097248019, -0.2083599958, 0.9780038549, 0, -376.0934100564, -87.2389217279, -0.2554459394, 1);-webkit-transform-style:preserve-3d;-moz-transform-style:preserve-3d;transform-style:preserve-3d;}
.gwd-gen-a6xsgwdanimation{-webkit-animation:gwd-gen-a6xsgwdanimation_gwd-keyframes 0.8s linear 0s 1 forwards;-moz-animation:gwd-gen-a6xsgwdanimation_gwd-keyframes 0.8s linear 0s 1 forwards;animation:gwd-gen-a6xsgwdanimation_gwd-keyframes 0.8s linear 0s 1 forwards;}
@-webkit-keyframes gwd-gen-a6xsgwdanimation_gwd-keyframes{0%{top:90px;left:386px;width:451px;height:518px;-webkit-transform:matrix3d(0.9765168804, -0.0188348531, -0.2146160079, 0, -0.0024512067, 0.9951353254, -0.0984869334, 0, 0.2154269577, 0.0967002213, 0.9717202752, 0, -376.0934100564, -87.2389217279, -0.2554459394, 1);-webkit-animation-timing-function:linear;} 24.875%{top:90px;left:386px;width:451px;height:518px;-webkit-transform:matrix3d(-0.32330517, 0.9452747391, 0.0439253339, 0, -0.9460311691, -0.3217711918, -0.0385788458, 0, -0.0223337015, -0.0540274751, 0.9982896562, 0, -376.0934100564, -87.2389217279, -0.2554459394, 1);-webkit-animation-timing-function:linear;} 50%{top:90px;left:386px;width:451px;height:518px;-webkit-transform:matrix3d(-0.9489206776, 0.3154873746, -0.0041550311, 0, -0.3147232969, -0.9473904943, -0.0583137893, 0, -0.0223337015, -0.0540274751, 0.9982896562, 0, -376.0934100564, -87.2389217279, -0.2554459394, 1);-webkit-animation-timing-function:linear;} 75%{top:90px;left:386px;width:451px;height:518px;-webkit-transform:matrix3d(0.4205413152, -0.8882020231, -0.1850463964, 0, 0.9072212689, 0.4094914879, 0.0962615753, 0, -0.0097248019, -0.2083599958, 0.9780038549, 0, -376.0934100564, -87.2389217279, -0.2554459394, 1);-webkit-animation-timing-function:linear;} 100%{top:90px;left:386px;width:451px;height:518px;-webkit-transform:matrix3d(0.9999041547, -0.0116648442, 0.0074574172, 0, 0.0098544352, 0.9779826399, 0.208453464, 0, -0.0097248019, -0.2083599958, 0.9780038549, 0, -376.0934100564, -87.2389217279, -0.2554459394, 1);-webkit-animation-timing-function:linear;}}@-moz-keyframes gwd-gen-a6xsgwdanimation_gwd-keyframes{0%{top:90px;left:386px;width:451px;height:518px;-moz-transform:matrix3d(0.9765168804, -0.0188348531, -0.2146160079, 0, -0.0024512067, 0.9951353254, -0.0984869334, 0, 0.2154269577, 0.0967002213, 0.9717202752, 0, -376.0934100564, -87.2389217279, -0.2554459394, 1);-moz-animation-timing-function:linear;} 24.875%{top:90px;left:386px;width:451px;height:518px;-moz-transform:matrix3d(-0.32330517, 0.9452747391, 0.0439253339, 0, -0.9460311691, -0.3217711918, -0.0385788458, 0, -0.0223337015, -0.0540274751, 0.9982896562, 0, -376.0934100564, -87.2389217279, -0.2554459394, 1);-moz-animation-timing-function:linear;} 50%{top:90px;left:386px;width:451px;height:518px;-moz-transform:matrix3d(-0.9489206776, 0.3154873746, -0.0041550311, 0, -0.3147232969, -0.9473904943, -0.0583137893, 0, -0.0223337015, -0.0540274751, 0.9982896562, 0, -376.0934100564, -87.2389217279, -0.2554459394, 1);-moz-animation-timing-function:linear;} 75%{top:90px;left:386px;width:451px;height:518px;-moz-transform:matrix3d(0.4205413152, -0.8882020231, -0.1850463964, 0, 0.9072212689, 0.4094914879, 0.0962615753, 0, -0.0097248019, -0.2083599958, 0.9780038549, 0, -376.0934100564, -87.2389217279, -0.2554459394, 1);-moz-animation-timing-function:linear;} 100%{top:90px;left:386px;width:451px;height:518px;-moz-transform:matrix3d(0.9999041547, -0.0116648442, 0.0074574172, 0, 0.0098544352, 0.9779826399, 0.208453464, 0, -0.0097248019, -0.2083599958, 0.9780038549, 0, -376.0934100564, -87.2389217279, -0.2554459394, 1);-moz-animation-timing-function:linear;}}@keyframes gwd-gen-a6xsgwdanimation_gwd-keyframes{0%{top:90px;left:386px;width:451px;height:518px;transform:matrix3d(0.9765168804, -0.0188348531, -0.2146160079, 0, -0.0024512067, 0.9951353254, -0.0984869334, 0, 0.2154269577, 0.0967002213, 0.9717202752, 0, -376.0934100564, -87.2389217279, -0.2554459394, 1);animation-timing-function:linear;} 24.875%{top:90px;left:386px;width:451px;height:518px;transform:matrix3d(-0.32330517, 0.9452747391, 0.0439253339, 0, -0.9460311691, -0.3217711918, -0.0385788458, 0, -0.0223337015, -0.0540274751, 0.9982896562, 0, -376.0934100564, -87.2389217279, -0.2554459394, 1);animation-timing-function:linear;} 50%{top:90px;left:386px;width:451px;height:518px;transform:matrix3d(-0.9489206776, 0.3154873746, -0.0041550311, 0, -0.3147232969, -0.9473904943, -0.0583137893, 0, -0.0223337015, -0.0540274751, 0.9982896562, 0, -376.0934100564, -87.2389217279, -0.2554459394, 1);animation-timing-function:linear;} 75%{top:90px;left:386px;width:451px;height:518px;transform:matrix3d(0.4205413152, -0.8882020231, -0.1850463964, 0, 0.9072212689, 0.4094914879, 0.0962615753, 0, -0.0097248019, -0.2083599958, 0.9780038549, 0, -376.0934100564, -87.2389217279, -0.2554459394, 1);animation-timing-function:linear;} 100%{top:90px;left:386px;width:451px;height:518px;transform:matrix3d(0.9999041547, -0.0116648442, 0.0074574172, 0, 0.0098544352, 0.9779826399, 0.208453464, 0, -0.0097248019, -0.2083599958, 0.9780038549, 0, -376.0934100564, -87.2389217279, -0.2554459394, 1);animation-timing-function:linear;}}.gwd-gen-a6xsgwdanimation-gen-animation0keyframe{top:90px;left:386px;width:451px;height:518px;-webkit-transform:matrix3d(0.9765168804, -0.0188348531, -0.2146160079, 0, -0.0024512067, 0.9951353254, -0.0984869334, 0, 0.2154269577, 0.0967002213, 0.9717202752, 0, -376.0934100564, -87.2389217279, -0.2554459394, 1);-moz-transform:matrix3d(0.9765168804, -0.0188348531, -0.2146160079, 0, -0.0024512067, 0.9951353254, -0.0984869334, 0, 0.2154269577, 0.0967002213, 0.9717202752, 0, -376.0934100564, -87.2389217279, -0.2554459394, 1);transform:matrix3d(0.9765168804, -0.0188348531, -0.2146160079, 0, -0.0024512067, 0.9951353254, -0.0984869334, 0, 0.2154269577, 0.0967002213, 0.9717202752, 0, -376.0934100564, -87.2389217279, -0.2554459394, 1);}
</style>
  </head>
  
  <body>
    <img src="https://raw.github.com/davidwinters/yolo/master/0-khengUc.gif" class="gwd-img-sv69 gwd-gen-a6xsgwdanimation gwd-gen-a6xsgwdanimation-gen-animation0keyframe">
  

</body></html>
